# Par치metros:  ./calcular_cdt 16 2000 BUB ALE 1000
# Ejecutando orden:  ./gen_traza BUB ALE 1000
#
#         Posici칩n       Intervalo        P치ginas       P치gs/op.
#
               0            2000              42        0.021000
            2000            2000              44        0.022000
            4000            2000              44        0.022000
            6000            2000              43        0.021500
            8000            2000              45        0.022500
           10000            2000              44        0.022000
           12000            2000              43        0.021500
           14000            2000              45        0.022500
           16000            2000              44        0.022000
           18000            2000              43        0.021500
           20000            2000              45        0.022500
           22000            2000              46        0.023000
           24000            2000              43        0.021500
           26000            2000              44        0.022000
           28000            2000              45        0.022500
           30000            2000              44        0.022000
           32000            2000              45        0.022500
           34000            2000              44        0.022000
           36000            2000              45        0.022500
           38000            2000              44        0.022000
           40000            2000              45        0.022500
           42000            2000              46        0.023000
           44000            2000              44        0.022000
           46000            2000              45        0.022500
           48000            2000              46        0.023000
           50000            2000              45        0.022500
           52000            2000              45        0.022500
           54000            2000              46        0.023000
           56000            2000              46        0.023000
           58000            2000              44        0.022000
           60000            2000              46        0.023000
           62000            2000              47        0.023500
           64000            2000              46        0.023000
           66000            2000              44        0.022000
           68000            2000              47        0.023500
           70000            2000              46        0.023000
           72000            2000              44        0.022000
           74000            2000              47        0.023500
           76000            2000              46        0.023000
           78000            2000              47        0.023500
           80000            2000              44        0.022000
           82000            2000              47        0.023500
           84000            2000              46        0.023000
           86000            2000              47        0.023500
           88000            2000              45        0.022500
           90000            2000              47        0.023500
           92000            2000              47        0.023500
           94000            2000              47        0.023500
           96000            2000              45        0.022500
           98000            2000              48        0.024000
          100000            2000              47        0.023500
          102000            2000              47        0.023500
          104000            2000              45        0.022500
          106000            2000              49        0.024500
          108000            2000              47        0.023500
          110000            2000              48        0.024000
          112000            2000              45        0.022500
          114000            2000              48        0.024000
          116000            2000              47        0.023500
          118000            2000              47        0.023500
          120000            2000              45        0.022500
          122000            2000              48        0.024000
          124000            2000              48        0.024000
          126000            2000              48        0.024000
          128000            2000              46        0.023000
          130000            2000              47        0.023500
          132000            2000              49        0.024500
          134000            2000              48        0.024000
          136000            2000              48        0.024000
          138000            2000              46        0.023000
          140000            2000              49        0.024500
          142000            2000              49        0.024500
          144000            2000              49        0.024500
          146000            2000              48        0.024000
          148000            2000              46        0.023000
          150000            2000              50        0.025000
          152000            2000              49        0.024500
          154000            2000              49        0.024500
          156000            2000              48        0.024000
          158000            2000              46        0.023000
          160000            2000              50        0.025000
          162000            2000              49        0.024500
          164000            2000              49        0.024500
          166000            2000              48        0.024000
          168000            2000              47        0.023500
          170000            2000              50        0.025000
          172000            2000              50        0.025000
          174000            2000              50        0.025000
          176000            2000              49        0.024500
          178000            2000              47        0.023500
          180000            2000              50        0.025000
          182000            2000              50        0.025000
          184000            2000              51        0.025500
          186000            2000              50        0.025000
          188000            2000              50        0.025000
          190000            2000              47        0.023500
          192000            2000              51        0.025500
          194000            2000              50        0.025000
          196000            2000              50        0.025000
          198000            2000              50        0.025000
          200000            2000              49        0.024500
          202000            2000              47        0.023500
          204000            2000              51        0.025500
          206000            2000              50        0.025000
          208000            2000              50        0.025000
          210000            2000              51        0.025500
          212000            2000              50        0.025000
          214000            2000              48        0.024000
          216000            2000              50        0.025000
          218000            2000              51        0.025500
          220000            2000              51        0.025500
          222000            2000              52        0.026000
          224000            2000              51        0.025500
          226000            2000              51        0.025500
          228000            2000              50        0.025000
          230000            2000              50        0.025000
          232000            2000              51        0.025500
          234000            2000              51        0.025500
          236000            2000              51        0.025500
          238000            2000              51        0.025500
          240000            2000              52        0.026000
          242000            2000              50        0.025000
          244000            2000              50        0.025000
          246000            2000              51        0.025500
          248000            2000              52        0.026000
          250000            2000              52        0.026000
          252000            2000              52        0.026000
          254000            2000              52        0.026000
          256000            2000              52        0.026000
          258000            2000              52        0.026000
          260000            2000              52        0.026000
          262000            2000              51        0.025500
          264000            2000              51        0.025500
          266000            2000              53        0.026500
          268000            2000              52        0.026000
          270000            2000              52        0.026000
          272000            2000              52        0.026000
          274000            2000              52        0.026000
          276000            2000              52        0.026000
          278000            2000              52        0.026000
          280000            2000              52        0.026000
          282000            2000              51        0.025500
          284000            2000              50        0.025000
          286000            2000              52        0.026000
          288000            2000              53        0.026500
          290000            2000              53        0.026500
          292000            2000              53        0.026500
          294000            2000              54        0.027000
          296000            2000              53        0.026500
          298000            2000              53        0.026500
          300000            2000              54        0.027000
          302000            2000              53        0.026500
          304000            2000              53        0.026500
          306000            2000              53        0.026500
          308000            2000              52        0.026000
          310000            2000              53        0.026500
          312000            2000              53        0.026500
          314000            2000              52        0.026000
          316000            2000              52        0.026000
          318000            2000              54        0.027000
          320000            2000              54        0.027000
          322000            2000              54        0.027000
          324000            2000              54        0.027000
          326000            2000              54        0.027000
          328000            2000              55        0.027500
          330000            2000              54        0.027000
          332000            2000              55        0.027500
          334000            2000              54        0.027000
          336000            2000              54        0.027000
          338000            2000              53        0.026500
          340000            2000              54        0.027000
          342000            2000              54        0.027000
          344000            2000              54        0.027000
          346000            2000              54        0.027000
          348000            2000              54        0.027000
          350000            2000              54        0.027000
          352000            2000              54        0.027000
          354000            2000              54        0.027000
          356000            2000              54        0.027000
          358000            2000              54        0.027000
          360000            2000              54        0.027000
          362000            2000              54        0.027000
          364000            2000              54        0.027000
          366000            2000              54        0.027000
          368000            2000              53        0.026500
          370000            2000              53        0.026500
          372000            2000              53        0.026500
          374000            2000              53        0.026500
          376000            2000              53        0.026500
          378000            2000              53        0.026500
          380000            2000              53        0.026500
          382000            2000              53        0.026500
          384000            2000              53        0.026500
          386000            2000              53        0.026500
          388000            2000              53        0.026500
          390000            2000              53        0.026500
          392000            2000              53        0.026500
          394000            2000              53        0.026500
          396000            2000              53        0.026500
          398000            2000              53        0.026500
          400000            2000              52        0.026000
          402000            2000              52        0.026000
          404000            2000              52        0.026000
          406000            2000              52        0.026000
          408000            2000              52        0.026000
          410000            2000              52        0.026000
          412000            2000              52        0.026000
          414000            2000              52        0.026000
          416000            2000              52        0.026000
          418000            2000              52        0.026000
          420000            2000              52        0.026000
          422000            2000              52        0.026000
          424000            2000              52        0.026000
          426000            2000              52        0.026000
          428000            2000              51        0.025500
          430000            2000              51        0.025500
          432000            2000              51        0.025500
          434000            2000              51        0.025500
          436000            2000              51        0.025500
          438000            2000              51        0.025500
          440000            2000              51        0.025500
          442000            2000              51        0.025500
          444000            2000              51        0.025500
          446000            2000              51        0.025500
          448000            2000              51        0.025500
          450000            2000              51        0.025500
          452000            2000              51        0.025500
          454000            2000              51        0.025500
          456000            2000              51        0.025500
          458000            2000              50        0.025000
          460000            2000              50        0.025000
          462000            2000              50        0.025000
          464000            2000              50        0.025000
          466000            2000              50        0.025000
          468000            2000              50        0.025000
          470000            2000              50        0.025000
          472000            2000              50        0.025000
          474000            2000              50        0.025000
          476000            2000              50        0.025000
          478000            2000              50        0.025000
          480000            2000              50        0.025000
          482000            2000              50        0.025000
          484000            2000              50        0.025000
          486000            2000              49        0.024500
          488000            2000              49        0.024500
          490000            2000              49        0.024500
          492000            2000              49        0.024500
          494000            2000              49        0.024500
          496000            2000              49        0.024500
          498000            2000              49        0.024500
          500000            2000              49        0.024500
          502000            2000              49        0.024500
          504000            2000              49        0.024500
          506000            2000              49        0.024500
          508000            2000              49        0.024500
          510000            2000              49        0.024500
          512000            2000              48        0.024000
          514000            2000              48        0.024000
          516000            2000              48        0.024000
          518000            2000              48        0.024000
          520000            2000              48        0.024000
          522000            2000              48        0.024000
          524000            2000              48        0.024000
          526000            2000              48        0.024000
          528000            2000              48        0.024000
          530000            2000              48        0.024000
          532000            2000              48        0.024000
          534000            2000              48        0.024000
          536000            2000              48        0.024000
          538000            2000              47        0.023500
          540000            2000              47        0.023500
          542000            2000              47        0.023500
          544000            2000              47        0.023500
          546000            2000              47        0.023500
          548000            2000              47        0.023500
          550000            2000              47        0.023500
          552000            2000              47        0.023500
          554000            2000              47        0.023500
          556000            2000              47        0.023500
          558000            2000              47        0.023500
          560000            2000              47        0.023500
          562000            2000              47        0.023500
          564000            2000              46        0.023000
          566000            2000              46        0.023000
          568000            2000              46        0.023000
          570000            2000              46        0.023000
          572000            2000              46        0.023000
          574000            2000              46        0.023000
          576000            2000              46        0.023000
          578000            2000              46        0.023000
          580000            2000              46        0.023000
          582000            2000              46        0.023000
          584000            2000              46        0.023000
          586000            2000              46        0.023000
          588000            2000              45        0.022500
          590000            2000              45        0.022500
          592000            2000              45        0.022500
          594000            2000              45        0.022500
          596000            2000              45        0.022500
          598000            2000              45        0.022500
          600000            2000              45        0.022500
          602000            2000              45        0.022500
          604000            2000              45        0.022500
          606000            2000              45        0.022500
          608000            2000              45        0.022500
          610000            2000              44        0.022000
          612000            2000              44        0.022000
          614000            2000              44        0.022000
          616000            2000              44        0.022000
          618000            2000              44        0.022000
          620000            2000              44        0.022000
          622000            2000              44        0.022000
          624000            2000              44        0.022000
          626000            2000              44        0.022000
          628000            2000              44        0.022000
          630000            2000              44        0.022000
          632000            2000              43        0.021500
          634000            2000              43        0.021500
          636000            2000              43        0.021500
          638000            2000              43        0.021500
          640000            2000              43        0.021500
          642000            2000              43        0.021500
          644000            2000              43        0.021500
          646000            2000              43        0.021500
          648000            2000              43        0.021500
          650000            2000              43        0.021500
          652000            2000              42        0.021000
          654000            2000              42        0.021000
          656000            2000              42        0.021000
          658000            2000              42        0.021000
          660000            2000              42        0.021000
          662000            2000              42        0.021000
          664000            2000              42        0.021000
          666000            2000              42        0.021000
          668000            2000              42        0.021000
          670000            2000              42        0.021000
          672000            2000              41        0.020500
          674000            2000              41        0.020500
          676000            2000              41        0.020500
          678000            2000              41        0.020500
          680000            2000              41        0.020500
          682000            2000              41        0.020500
          684000            2000              41        0.020500
          686000            2000              41        0.020500
          688000            2000              41        0.020500
          690000            2000              41        0.020500
          692000            2000              40        0.020000
          694000            2000              40        0.020000
          696000            2000              40        0.020000
          698000            2000              40        0.020000
          700000            2000              40        0.020000
          702000            2000              40        0.020000
          704000            2000              40        0.020000
          706000            2000              40        0.020000
          708000            2000              40        0.020000
          710000            2000              39        0.019500
          712000            2000              39        0.019500
          714000            2000              39        0.019500
          716000            2000              39        0.019500
          718000            2000              39        0.019500
          720000            2000              39        0.019500
          722000            2000              39        0.019500
          724000            2000              39        0.019500
          726000            2000              38        0.019000
          728000            2000              38        0.019000
          730000            2000              38        0.019000
          732000            2000              38        0.019000
          734000            2000              38        0.019000
          736000            2000              38        0.019000
          738000            2000              38        0.019000
          740000            2000              38        0.019000
          742000            2000              38        0.019000
          744000            2000              37        0.018500
          746000            2000              37        0.018500
          748000            2000              37        0.018500
          750000            2000              37        0.018500
          752000            2000              37        0.018500
          754000            2000              37        0.018500
          756000            2000              37        0.018500
          758000            2000              36        0.018000
          760000            2000              36        0.018000
          762000            2000              36        0.018000
          764000            2000              36        0.018000
          766000            2000              36        0.018000
          768000            2000              36        0.018000
          770000            2000              36        0.018000
          772000            2000              36        0.018000
          774000            2000              35        0.017500
          776000            2000              35        0.017500
          778000            2000              35        0.017500
          780000            2000              35        0.017500
          782000            2000              35        0.017500
          784000            2000              35        0.017500
          786000            2000              35        0.017500
          788000            2000              34        0.017000
          790000            2000              34        0.017000
          792000            2000              34        0.017000
          794000            2000              34        0.017000
          796000            2000              34        0.017000
          798000            2000              34        0.017000
          800000            2000              34        0.017000
          802000            2000              33        0.016500
          804000            2000              33        0.016500
          806000            2000              33        0.016500
          808000            2000              33        0.016500
          810000            2000              33        0.016500
          812000            2000              33        0.016500
          814000            2000              33        0.016500
          816000            2000              32        0.016000
          818000            2000              32        0.016000
          820000            2000              32        0.016000
          822000            2000              32        0.016000
          824000            2000              32        0.016000
          826000            2000              32        0.016000
          828000            2000              31        0.015500
          830000            2000              31        0.015500
          832000            2000              31        0.015500
          834000            2000              31        0.015500
          836000            2000              31        0.015500
          838000            2000              31        0.015500
          840000            2000              30        0.015000
          842000            2000              30        0.015000
          844000            2000              30        0.015000
          846000            2000              30        0.015000
          848000            2000              30        0.015000
          850000            2000              30        0.015000
          852000            2000              29        0.014500
          854000            2000              29        0.014500
          856000            2000              29        0.014500
          858000            2000              29        0.014500
          860000            2000              29        0.014500
          862000            2000              28        0.014000
          864000            2000              28        0.014000
          866000            2000              28        0.014000
          868000            2000              28        0.014000
          870000            2000              28        0.014000
          872000            2000              27        0.013500
          874000            2000              27        0.013500
          876000            2000              27        0.013500
          878000            2000              27        0.013500
          880000            2000              27        0.013500
          882000            2000              27        0.013500
          884000            2000              26        0.013000
          886000            2000              26        0.013000
          888000            2000              26        0.013000
          890000            2000              26        0.013000
          892000            2000              25        0.012500
          894000            2000              25        0.012500
          896000            2000              25        0.012500
          898000            2000              25        0.012500
          900000            2000              25        0.012500
          902000            2000              24        0.012000
          904000            2000              24        0.012000
          906000            2000              24        0.012000
          908000            2000              24        0.012000
          910000            2000              23        0.011500
          912000            2000              23        0.011500
          914000            2000              23        0.011500
          916000            2000              23        0.011500
          918000            2000              22        0.011000
          920000            2000              22        0.011000
          922000            2000              22        0.011000
          924000            2000              22        0.011000
          926000            2000              21        0.010500
          928000            2000              21        0.010500
          930000            2000              21        0.010500
          932000            2000              20        0.010000
          934000            2000              20        0.010000
          936000            2000              20        0.010000
          938000            2000              20        0.010000
          940000            2000              19        0.009500
          942000            2000              19        0.009500
          944000            2000              19        0.009500
          946000            2000              18        0.009000
          948000            2000              18        0.009000
          950000            2000              18        0.009000
          952000            2000              17        0.008500
          954000            2000              17        0.008500
          956000            2000              16        0.008000
          958000            2000              16        0.008000
          960000            2000              16        0.008000
          962000            2000              15        0.007500
          964000            2000              15        0.007500
          966000            2000              14        0.007000
          968000            2000              14        0.007000
          970000            2000              13        0.006500
          972000            2000              13        0.006500
          974000            2000              12        0.006000
          976000            2000              11        0.005500
          978000            2000              11        0.005500
          980000            2000              10        0.005000
          982000            2000               9        0.004500
          984000            2000               9        0.004500
          986000            2000               8        0.004000
          988000            2000               7        0.003500
          990000            2000               5        0.002500
          992000             722               3        0.004155
