# Par치metros:  ./calcular_cdt 16 2000 INS ALE 1000
# Ejecutando orden:  ./gen_traza INS ALE 1000
#
#         Posici칩n       Intervalo        P치ginas       P치gs/op.
#
               0            2000               4        0.002000
            2000            2000               6        0.003000
            4000            2000               7        0.003500
            6000            2000               8        0.004000
            8000            2000               9        0.004500
           10000            2000              10        0.005000
           12000            2000              11        0.005500
           14000            2000              11        0.005500
           16000            2000              12        0.006000
           18000            2000              12        0.006000
           20000            2000              13        0.006500
           22000            2000              13        0.006500
           24000            2000              15        0.007500
           26000            2000              14        0.007000
           28000            2000              14        0.007000
           30000            2000              16        0.008000
           32000            2000              16        0.008000
           34000            2000              17        0.008500
           36000            2000              17        0.008500
           38000            2000              17        0.008500
           40000            2000              18        0.009000
           42000            2000              18        0.009000
           44000            2000              18        0.009000
           46000            2000              19        0.009500
           48000            2000              19        0.009500
           50000            2000              16        0.008000
           52000            2000              19        0.009500
           54000            2000              20        0.010000
           56000            2000              20        0.010000
           58000            2000              14        0.007000
           60000            2000              20        0.010000
           62000            2000              21        0.010500
           64000            2000              21        0.010500
           66000            2000              16        0.008000
           68000            2000              22        0.011000
           70000            2000              19        0.009500
           72000            2000              17        0.008500
           74000            2000              15        0.007500
           76000            2000              24        0.012000
           78000            2000              22        0.011000
           80000            2000              22        0.011000
           82000            2000              26        0.013000
           84000            2000              25        0.012500
           86000            2000              24        0.012000
           88000            2000              18        0.009000
           90000            2000              25        0.012500
           92000            2000              25        0.012500
           94000            2000              28        0.014000
           96000            2000              24        0.012000
           98000            2000              26        0.013000
          100000            2000              26        0.013000
          102000            2000              19        0.009500
          104000            2000              27        0.013500
          106000            2000              28        0.014000
          108000            2000              21        0.010500
          110000            2000              26        0.013000
          112000            2000              26        0.013000
          114000            2000              21        0.010500
          116000            2000              27        0.013500
          118000            2000              30        0.015000
          120000            2000              31        0.015500
          122000            2000              22        0.011000
          124000            2000              23        0.011500
          126000            2000              23        0.011500
          128000            2000              31        0.015500
          130000            2000              23        0.011500
          132000            2000              27        0.013500
          134000            2000              27        0.013500
          136000            2000              27        0.013500
          138000            2000              27        0.013500
          140000            2000              21        0.010500
          142000            2000              26        0.013000
          144000            2000              24        0.012000
          146000            2000              25        0.012500
          148000            2000              25        0.012500
          150000            2000              35        0.017500
          152000            2000              26        0.013000
          154000            2000              30        0.015000
          156000            2000              27        0.013500
          158000            2000              25        0.012500
          160000            2000              34        0.017000
          162000            2000              30        0.015000
          164000            2000              24        0.012000
          166000            2000              24        0.012000
          168000            2000              26        0.013000
          170000            2000              30        0.015000
          172000            2000              36        0.018000
          174000            2000              37        0.018500
          176000            2000              37        0.018500
          178000            2000              31        0.015500
          180000            2000              20        0.010000
          182000            2000              32        0.016000
          184000            2000              29        0.014500
          186000            2000              29        0.014500
          188000            2000              31        0.015500
          190000            2000              29        0.014500
          192000            2000              30        0.015000
          194000            2000              24        0.012000
          196000            2000              39        0.019500
          198000            2000              36        0.018000
          200000            2000              37        0.018500
          202000            2000              37        0.018500
          204000            2000              34        0.017000
          206000            2000              26        0.013000
          208000            2000              41        0.020500
          210000            2000              24        0.012000
          212000            2000              27        0.013500
          214000            2000              25        0.012500
          216000            2000              27        0.013500
          218000            2000              38        0.019000
          220000            2000              42        0.021000
          222000            2000              36        0.018000
          224000            2000              30        0.015000
          226000            2000              39        0.019500
          228000            2000              30        0.015000
          230000            2000              36        0.018000
          232000            2000              22        0.011000
          234000            2000              31        0.015500
          236000            2000              33        0.016500
          238000            2000              44        0.022000
          240000            2000              37        0.018500
          242000            2000              39        0.019500
          244000            2000              38        0.019000
          246000            2000              29        0.014500
          248000            2000              34        0.017000
          250000            2000              40        0.020000
          252000            2000              35        0.017500
          254000            2000              40        0.020000
          256000            2000              35        0.017500
          258000            2000              24        0.012000
          260000            2000              37        0.018500
          262000            2000              40        0.020000
          264000            2000              27        0.013500
          266000            2000              31        0.015500
          268000            2000              38        0.019000
          270000            2000              31        0.015500
          272000            2000              43        0.021500
          274000            2000              43        0.021500
          276000            2000              41        0.020500
          278000            2000              41        0.020500
          280000            2000              46        0.023000
          282000            2000              35        0.017500
          284000            2000              46        0.023000
          286000            2000              42        0.021000
          288000            2000              33        0.016500
          290000            2000              22        0.011000
          292000            2000              32        0.016000
          294000            2000              33        0.016500
          296000            2000              48        0.024000
          298000            2000              35        0.017500
          300000            2000              36        0.018000
          302000            2000              32        0.016000
          304000            2000              32        0.016000
          306000            2000              34        0.017000
          308000            2000              27        0.013500
          310000            2000              42        0.021000
          312000            2000              38        0.019000
          314000            2000              39        0.019500
          316000            2000              48        0.024000
          318000            2000              37        0.018500
          320000            2000              36        0.018000
          322000            2000              42        0.021000
          324000            2000              33        0.016500
          326000            2000              50        0.025000
          328000            2000              50        0.025000
          330000            2000              24        0.012000
          332000            2000              37        0.018500
          334000            2000              40        0.020000
          336000            2000              31        0.015500
          338000            2000              41        0.020500
          340000            2000              31        0.015500
          342000            2000              42        0.021000
          344000            2000              42        0.021000
          346000            2000              43        0.021500
          348000            2000              40        0.020000
          350000            2000              24        0.012000
          352000            2000              28        0.014000
          354000            2000              47        0.023500
          356000            2000              24        0.012000
          358000            2000              45        0.022500
          360000            2000              28        0.014000
          362000            2000              51        0.025500
          364000            2000              31        0.015500
          366000            2000              31        0.015500
          368000            2000              47        0.023500
          370000            2000              46        0.023000
          372000            2000              49        0.024500
          374000            2000              38        0.019000
          376000            2000              41        0.020500
          378000            2000              37        0.018500
          380000            2000              45        0.022500
          382000            2000              39        0.019500
          384000            2000              49        0.024500
          386000            2000              55        0.027500
          388000            2000              40        0.020000
          390000            2000              48        0.024000
          392000            2000              36        0.018000
          394000            2000              44        0.022000
          396000            2000              41        0.020500
          398000            2000              42        0.021000
          400000            2000              37        0.018500
          402000            2000              42        0.021000
          404000            2000              38        0.019000
          406000            2000              43        0.021500
          408000            2000              50        0.025000
          410000            2000              43        0.021500
          412000            2000              48        0.024000
          414000            2000              30        0.015000
          416000            2000              56        0.028000
          418000            2000              40        0.020000
          420000            2000              22        0.011000
          422000            2000              49        0.024500
          424000            2000              40        0.020000
          426000            2000              49        0.024500
          428000            2000              29        0.014500
          430000            2000              42        0.021000
          432000            2000              59        0.029500
          434000            2000              41        0.020500
          436000            2000              51        0.025500
          438000            2000              44        0.022000
          440000            2000              43        0.021500
          442000            2000              51        0.025500
          444000            2000              27        0.013500
          446000            2000              48        0.024000
          448000            2000              37        0.018500
          450000            2000              48        0.024000
          452000            2000              42        0.021000
          454000            2000              53        0.026500
          456000            2000              52        0.026000
          458000            2000              33        0.016500
          460000            2000              55        0.027500
          462000            2000              33        0.016500
          464000            2000              60        0.030000
          466000            2000              51        0.025500
          468000            2000              47        0.023500
          470000            2000              34        0.017000
          472000            2000              49        0.024500
          474000            2000              59        0.029500
          476000            2000              47        0.023500
          478000            2000              42        0.021000
          480000            2000              52        0.026000
          482000            2000              29        0.014500
          484000            2000              54        0.027000
          486000            2000              42        0.021000
          488000            2000              49        0.024500
          490000            2000              51        0.025500
          492000            2000              39        0.019500
          494000             485              16        0.032990
