# Par치metros:  ./calcular_cdt 16 2000 SEL ALE 1000
# Ejecutando orden:  ./gen_traza SEL ALE 1000
#
#         Posici칩n       Intervalo        P치ginas       P치gs/op.
#
               0            2000              63        0.031500
            2000            2000              63        0.031500
            4000            2000              63        0.031500
            6000            2000              63        0.031500
            8000            2000              63        0.031500
           10000            2000              63        0.031500
           12000            2000              63        0.031500
           14000            2000              63        0.031500
           16000            2000              62        0.031000
           18000            2000              62        0.031000
           20000            2000              62        0.031000
           22000            2000              62        0.031000
           24000            2000              62        0.031000
           26000            2000              62        0.031000
           28000            2000              62        0.031000
           30000            2000              62        0.031000
           32000            2000              61        0.030500
           34000            2000              61        0.030500
           36000            2000              61        0.030500
           38000            2000              61        0.030500
           40000            2000              61        0.030500
           42000            2000              61        0.030500
           44000            2000              61        0.030500
           46000            2000              61        0.030500
           48000            2000              60        0.030000
           50000            2000              60        0.030000
           52000            2000              60        0.030000
           54000            2000              60        0.030000
           56000            2000              60        0.030000
           58000            2000              60        0.030000
           60000            2000              60        0.030000
           62000            2000              60        0.030000
           64000            2000              59        0.029500
           66000            2000              59        0.029500
           68000            2000              59        0.029500
           70000            2000              59        0.029500
           72000            2000              59        0.029500
           74000            2000              59        0.029500
           76000            2000              59        0.029500
           78000            2000              58        0.029000
           80000            2000              58        0.029000
           82000            2000              58        0.029000
           84000            2000              58        0.029000
           86000            2000              58        0.029000
           88000            2000              58        0.029000
           90000            2000              58        0.029000
           92000            2000              57        0.028500
           94000            2000              57        0.028500
           96000            2000              57        0.028500
           98000            2000              57        0.028500
          100000            2000              57        0.028500
          102000            2000              57        0.028500
          104000            2000              57        0.028500
          106000            2000              57        0.028500
          108000            2000              56        0.028000
          110000            2000              56        0.028000
          112000            2000              56        0.028000
          114000            2000              56        0.028000
          116000            2000              56        0.028000
          118000            2000              56        0.028000
          120000            2000              56        0.028000
          122000            2000              55        0.027500
          124000            2000              55        0.027500
          126000            2000              55        0.027500
          128000            2000              55        0.027500
          130000            2000              55        0.027500
          132000            2000              55        0.027500
          134000            2000              54        0.027000
          136000            2000              54        0.027000
          138000            2000              54        0.027000
          140000            2000              54        0.027000
          142000            2000              54        0.027000
          144000            2000              54        0.027000
          146000            2000              54        0.027000
          148000            2000              53        0.026500
          150000            2000              53        0.026500
          152000            2000              53        0.026500
          154000            2000              53        0.026500
          156000            2000              53        0.026500
          158000            2000              53        0.026500
          160000            2000              53        0.026500
          162000            2000              52        0.026000
          164000            2000              52        0.026000
          166000            2000              52        0.026000
          168000            2000              52        0.026000
          170000            2000              52        0.026000
          172000            2000              52        0.026000
          174000            2000              52        0.026000
          176000            2000              51        0.025500
          178000            2000              51        0.025500
          180000            2000              51        0.025500
          182000            2000              51        0.025500
          184000            2000              51        0.025500
          186000            2000              51        0.025500
          188000            2000              50        0.025000
          190000            2000              50        0.025000
          192000            2000              50        0.025000
          194000            2000              50        0.025000
          196000            2000              50        0.025000
          198000            2000              50        0.025000
          200000            2000              49        0.024500
          202000            2000              49        0.024500
          204000            2000              49        0.024500
          206000            2000              49        0.024500
          208000            2000              49        0.024500
          210000            2000              49        0.024500
          212000            2000              48        0.024000
          214000            2000              48        0.024000
          216000            2000              48        0.024000
          218000            2000              48        0.024000
          220000            2000              48        0.024000
          222000            2000              48        0.024000
          224000            2000              47        0.023500
          226000            2000              47        0.023500
          228000            2000              47        0.023500
          230000            2000              47        0.023500
          232000            2000              47        0.023500
          234000            2000              47        0.023500
          236000            2000              46        0.023000
          238000            2000              46        0.023000
          240000            2000              46        0.023000
          242000            2000              46        0.023000
          244000            2000              46        0.023000
          246000            2000              46        0.023000
          248000            2000              45        0.022500
          250000            2000              45        0.022500
          252000            2000              45        0.022500
          254000            2000              45        0.022500
          256000            2000              45        0.022500
          258000            2000              45        0.022500
          260000            2000              44        0.022000
          262000            2000              44        0.022000
          264000            2000              44        0.022000
          266000            2000              44        0.022000
          268000            2000              44        0.022000
          270000            2000              43        0.021500
          272000            2000              43        0.021500
          274000            2000              43        0.021500
          276000            2000              43        0.021500
          278000            2000              43        0.021500
          280000            2000              43        0.021500
          282000            2000              42        0.021000
          284000            2000              42        0.021000
          286000            2000              42        0.021000
          288000            2000              42        0.021000
          290000            2000              42        0.021000
          292000            2000              41        0.020500
          294000            2000              41        0.020500
          296000            2000              41        0.020500
          298000            2000              41        0.020500
          300000            2000              41        0.020500
          302000            2000              40        0.020000
          304000            2000              40        0.020000
          306000            2000              40        0.020000
          308000            2000              40        0.020000
          310000            2000              40        0.020000
          312000            2000              39        0.019500
          314000            2000              39        0.019500
          316000            2000              39        0.019500
          318000            2000              39        0.019500
          320000            2000              39        0.019500
          322000            2000              38        0.019000
          324000            2000              38        0.019000
          326000            2000              38        0.019000
          328000            2000              38        0.019000
          330000            2000              38        0.019000
          332000            2000              37        0.018500
          334000            2000              37        0.018500
          336000            2000              37        0.018500
          338000            2000              37        0.018500
          340000            2000              36        0.018000
          342000            2000              36        0.018000
          344000            2000              36        0.018000
          346000            2000              36        0.018000
          348000            2000              36        0.018000
          350000            2000              35        0.017500
          352000            2000              35        0.017500
          354000            2000              35        0.017500
          356000            2000              35        0.017500
          358000            2000              34        0.017000
          360000            2000              34        0.017000
          362000            2000              34        0.017000
          364000            2000              34        0.017000
          366000            2000              33        0.016500
          368000            2000              33        0.016500
          370000            2000              33        0.016500
          372000            2000              33        0.016500
          374000            2000              33        0.016500
          376000            2000              32        0.016000
          378000            2000              32        0.016000
          380000            2000              32        0.016000
          382000            2000              32        0.016000
          384000            2000              31        0.015500
          386000            2000              31        0.015500
          388000            2000              31        0.015500
          390000            2000              30        0.015000
          392000            2000              30        0.015000
          394000            2000              30        0.015000
          396000            2000              30        0.015000
          398000            2000              29        0.014500
          400000            2000              29        0.014500
          402000            2000              29        0.014500
          404000            2000              29        0.014500
          406000            2000              28        0.014000
          408000            2000              28        0.014000
          410000            2000              28        0.014000
          412000            2000              27        0.013500
          414000            2000              27        0.013500
          416000            2000              27        0.013500
          418000            2000              27        0.013500
          420000            2000              26        0.013000
          422000            2000              26        0.013000
          424000            2000              26        0.013000
          426000            2000              25        0.012500
          428000            2000              25        0.012500
          430000            2000              25        0.012500
          432000            2000              24        0.012000
          434000            2000              24        0.012000
          436000            2000              24        0.012000
          438000            2000              23        0.011500
          440000            2000              23        0.011500
          442000            2000              23        0.011500
          444000            2000              22        0.011000
          446000            2000              22        0.011000
          448000            2000              21        0.010500
          450000            2000              21        0.010500
          452000            2000              21        0.010500
          454000            2000              20        0.010000
          456000            2000              20        0.010000
          458000            2000              19        0.009500
          460000            2000              19        0.009500
          462000            2000              19        0.009500
          464000            2000              18        0.009000
          466000            2000              18        0.009000
          468000            2000              17        0.008500
          470000            2000              17        0.008500
          472000            2000              16        0.008000
          474000            2000              16        0.008000
          476000            2000              15        0.007500
          478000            2000              15        0.007500
          480000            2000              14        0.007000
          482000            2000              13        0.006500
          484000            2000              13        0.006500
          486000            2000              12        0.006000
          488000            2000              11        0.005500
          490000            2000              11        0.005500
          492000            2000              10        0.005000
          494000            2000               9        0.004500
          496000            2000               8        0.004000
          498000            2000               7        0.003500
          500000            2000               5        0.002500
          502000             497               3        0.006036
